1.000000 1.000000 
1.000000 0.750000 
1.000000 0.500000 
1.000000 0.250000 
1.000000 0.000000 
0.750000 1.000000 
0.500000 1.000000 
0.250000 1.000000 
0.000000 1.000000 
0.750000 0.750000 
0.750000 0.500000 
0.750000 0.250000 
0.750000 0.000000 
0.500000 0.750000 
0.250000 0.750000 
0.000000 0.750000 
0.500000 0.500000 
0.500000 0.250000 
0.500000 0.000000 
0.250000 0.500000 
0.000000 0.500000 
0.250000 0.250000 
0.250000 0.000000 
0.000000 0.250000 
0.000000 0.000000 
25 23 22 24 
24 22 20 21 
21 20 15 16 
16 15 8 9 
23 19 18 22 
22 18 17 20 
20 17 14 15 
15 14 7 8 
19 13 12 18 
18 12 11 17 
17 11 10 14 
14 10 6 7 
13 5 4 12 
12 4 3 11 
11 3 2 10 
10 2 1 6 
1 
2 
3 
4 
5 
6 
7 
8 
9 
13 
16 
19 
21 
23 
24 
25 
